# Dimensions (x, y, z)
d  32 32 3

# Paths: Sources (x, y, z) -> Destinations (x, y, z)
p    27  24 1     8  16 1
p    25   9 1    18  29 1
p     9  24 1     8  29 2
p    25  28 0    23  28 2
p    15   3 1    19  29 2
p    15  27 0    25  17 0
p    23  12 2    21   0 1
p    27   7 0    27   6 1
p     7  30 2    14   2 0
p    16  29 0    17  22 1
p    26  17 2    19  18 1
p    19  12 1     9   6 0
p    19  21 1     2  24 2
p    29  26 2    29  17 1
p    22   8 2    27  28 1
p    30  18 1    21  31 2
p    25   2 1    15  20 2
p     7  23 0     7  25 0
p    26   3 0    22   1 1
p    29  17 2     0  20 1
p    18  12 1    31   1 0
p    30   5 0     6  25 2
p     0  13 0     8   7 1
p    11   5 1     1   3 2
p     6  11 2    26  29 0
p    21  30 0    21  27 1
p     8  19 1     5  15 1
p    18  16 0    11  26 0
p    17   0 2    10   1 0
p     7  30 1     9  11 2
p    20  19 2    12  13 1
p     0   6 1     7  20 1
