# Dimensions (x, y, z)
d  64 64 3

# Paths: Sources (x, y, z) -> Destinations (x, y, z)
p    54  48 1    16  32 1
p    50  19 1    37  58 1
p    18  48 1    16  58 2
p    51  57 0    46  57 2
p    30   6 1    39  58 2
p    30  55 0    51  35 0
p    46  25 2    42   0 1
p    55  15 0    55  12 1
p    15  61 2    28   5 0
p    32  59 0    35  45 1
p    52  34 2    38  37 1
p    38  24 1    18  12 0
p    39  42 1     5  48 2
p    59  53 2    59  34 1
p    45  17 2    54  57 1
p    60  37 1    42  63 2
