# Dimensions (x, y, z)
d  32 32 32

# Paths: Sources (x, y, z) -> Destinations (x, y, z)
p    27  24 13     8  16 12
p    25   9 15    18  29 16
p     9  24 19     8  29 31
p    25  28 9    23  28 21
p    15   3 13    19  29 30
p    15  27 8    25  17 0
p    23  12 26    21   0 15
p    27   7 10    27   6 18
p     7  30 25    14   2 10
p    16  29 3    17  22 17
p    26  17 30    19  18 14
p    19  12 18     9   6 5
p    19  21 15     2  24 28
p    29  26 28    29  17 12
p    22   8 25    27  28 18
p    30  18 14    21  31 29
p    25   2 19    15  20 27
p     7  23 3     7  25 10
p    26   3 4    22   1 18
p    29  17 21     0  20 19
p    18  12 11    31   1 0
p    30   5 3     6  25 29
p     0  13 3     8   7 20
p    11   5 16     1   3 31
p     6  11 23    26  29 5
p    21  30 1    21  27 10
p     8  19 14     5  15 13
p    18  16 9    11  26 8
p    17   0 23    10   1 8
p     7  30 11     9  11 30
p    20  19 22    12  13 20
p     0   6 10     7  20 12
