# Dimensions (x, y, z)
d  48 48 3

# Paths: Sources (x, y, z) -> Destinations (x, y, z)
p    40  36 1    12  24 1
p    37  14 1    28  43 1
p    13  36 1    12  43 2
p    38  43 0    35  43 2
p    22   4 1    29  43 2
p    22  41 0    38  26 0
p    34  19 2    32   0 1
p    41  11 0    41   9 1
p    11  46 2    21   3 0
p    24  44 0    26  33 1
p    39  25 2    28  28 1
p    28  18 1    13   9 0
p    29  31 1     4  36 2
p    44  40 2    44  25 1
p    33  13 2    40  42 1
p    45  27 1    31  47 2
